{
 "cells": [
  {
   "cell_type": "code",
   "execution_count": 1,
   "metadata": {
    "collapsed": true,
    "pycharm": {
     "name": "#%%\n"
    }
   },
   "outputs": [],
   "source": [
    "import pandas as pd\n",
    "import seaborn as sns\n",
    "import numpy as np\n",
    "from numpy import random\n",
    "from pandas import DataFrame, read_csv\n",
    "import matplotlib.pyplot as plt\n",
    "import sys\n",
    "import matplotlib\n",
    "import math\n",
    "from sklearn import tree\n",
    "from  sklearn.tree import DecisionTreeClassifier\n",
    "from sklearn.model_selection import train_test_split\n",
    "from sklearn.metrics import f1_score\n",
    "from sklearn.metrics import recall_score\n",
    "from sklearn.metrics import precision_score\n",
    "from sklearn.metrics import confusion_matrix, ConfusionMatrixDisplay\n",
    "from sklearn.datasets import load_iris\n",
    "from sklearn.linear_model import LogisticRegression\n",
    "from sklearn.model_selection import GridSearchCV\n",
    "from sklearn.metrics import classification_report\n",
    "from sklearn.metrics import roc_curve, roc_auc_score\n",
    "%matplotlib inline"
   ]
  },
  {
   "cell_type": "code",
   "execution_count": 2,
   "outputs": [
    {
     "data": {
      "text/plain": "   age  sex  cp  trestbps  chol  fbs  restecg  thalach  exang  oldpeak  slope  \\\n0   69    1   0       160   234    1        2      131      0      0.1      1   \n1   69    0   0       140   239    0        0      151      0      1.8      0   \n2   66    0   0       150   226    0        0      114      0      2.6      2   \n3   65    1   0       138   282    1        2      174      0      1.4      1   \n4   64    1   0       110   211    0        2      144      1      1.8      1   \n\n   ca  thal  condition  \n0   1     0          0  \n1   2     0          0  \n2   0     0          0  \n3   1     0          1  \n4   0     0          0  ",
      "text/html": "<div>\n<style scoped>\n    .dataframe tbody tr th:only-of-type {\n        vertical-align: middle;\n    }\n\n    .dataframe tbody tr th {\n        vertical-align: top;\n    }\n\n    .dataframe thead th {\n        text-align: right;\n    }\n</style>\n<table border=\"1\" class=\"dataframe\">\n  <thead>\n    <tr style=\"text-align: right;\">\n      <th></th>\n      <th>age</th>\n      <th>sex</th>\n      <th>cp</th>\n      <th>trestbps</th>\n      <th>chol</th>\n      <th>fbs</th>\n      <th>restecg</th>\n      <th>thalach</th>\n      <th>exang</th>\n      <th>oldpeak</th>\n      <th>slope</th>\n      <th>ca</th>\n      <th>thal</th>\n      <th>condition</th>\n    </tr>\n  </thead>\n  <tbody>\n    <tr>\n      <th>0</th>\n      <td>69</td>\n      <td>1</td>\n      <td>0</td>\n      <td>160</td>\n      <td>234</td>\n      <td>1</td>\n      <td>2</td>\n      <td>131</td>\n      <td>0</td>\n      <td>0.1</td>\n      <td>1</td>\n      <td>1</td>\n      <td>0</td>\n      <td>0</td>\n    </tr>\n    <tr>\n      <th>1</th>\n      <td>69</td>\n      <td>0</td>\n      <td>0</td>\n      <td>140</td>\n      <td>239</td>\n      <td>0</td>\n      <td>0</td>\n      <td>151</td>\n      <td>0</td>\n      <td>1.8</td>\n      <td>0</td>\n      <td>2</td>\n      <td>0</td>\n      <td>0</td>\n    </tr>\n    <tr>\n      <th>2</th>\n      <td>66</td>\n      <td>0</td>\n      <td>0</td>\n      <td>150</td>\n      <td>226</td>\n      <td>0</td>\n      <td>0</td>\n      <td>114</td>\n      <td>0</td>\n      <td>2.6</td>\n      <td>2</td>\n      <td>0</td>\n      <td>0</td>\n      <td>0</td>\n    </tr>\n    <tr>\n      <th>3</th>\n      <td>65</td>\n      <td>1</td>\n      <td>0</td>\n      <td>138</td>\n      <td>282</td>\n      <td>1</td>\n      <td>2</td>\n      <td>174</td>\n      <td>0</td>\n      <td>1.4</td>\n      <td>1</td>\n      <td>1</td>\n      <td>0</td>\n      <td>1</td>\n    </tr>\n    <tr>\n      <th>4</th>\n      <td>64</td>\n      <td>1</td>\n      <td>0</td>\n      <td>110</td>\n      <td>211</td>\n      <td>0</td>\n      <td>2</td>\n      <td>144</td>\n      <td>1</td>\n      <td>1.8</td>\n      <td>1</td>\n      <td>0</td>\n      <td>0</td>\n      <td>0</td>\n    </tr>\n  </tbody>\n</table>\n</div>"
     },
     "execution_count": 2,
     "metadata": {},
     "output_type": "execute_result"
    }
   ],
   "source": [
    "df = pd.read_csv('./heart_cleveland_upload.csv')\n",
    "df.head()"
   ],
   "metadata": {
    "collapsed": false,
    "pycharm": {
     "name": "#%%\n"
    }
   }
  },
  {
   "cell_type": "code",
   "execution_count": 3,
   "outputs": [],
   "source": [
    "x = df[['age', 'sex', 'cp', 'trestbps','chol','fbs','restecg','thalach','exang','oldpeak','slope','ca','thal']]\n",
    "y = df['condition']"
   ],
   "metadata": {
    "collapsed": false,
    "pycharm": {
     "name": "#%%\n"
    }
   }
  },
  {
   "cell_type": "code",
   "execution_count": 4,
   "outputs": [],
   "source": [
    "x_train, x_test, y_train, y_test = train_test_split(x,y, test_size=0.25, random_state=25)"
   ],
   "metadata": {
    "collapsed": false,
    "pycharm": {
     "name": "#%%\n"
    }
   }
  },
  {
   "cell_type": "code",
   "execution_count": 5,
   "outputs": [
    {
     "data": {
      "text/plain": "RandomForestClassifier(max_depth=5, n_estimators=10)",
      "text/html": "<style>#sk-container-id-1 {\n  /* Definition of color scheme common for light and dark mode */\n  --sklearn-color-text: black;\n  --sklearn-color-line: gray;\n  /* Definition of color scheme for unfitted estimators */\n  --sklearn-color-unfitted-level-0: #fff5e6;\n  --sklearn-color-unfitted-level-1: #f6e4d2;\n  --sklearn-color-unfitted-level-2: #ffe0b3;\n  --sklearn-color-unfitted-level-3: chocolate;\n  /* Definition of color scheme for fitted estimators */\n  --sklearn-color-fitted-level-0: #f0f8ff;\n  --sklearn-color-fitted-level-1: #d4ebff;\n  --sklearn-color-fitted-level-2: #b3dbfd;\n  --sklearn-color-fitted-level-3: cornflowerblue;\n\n  /* Specific color for light theme */\n  --sklearn-color-text-on-default-background: var(--sg-text-color, var(--theme-code-foreground, var(--jp-content-font-color1, black)));\n  --sklearn-color-background: var(--sg-background-color, var(--theme-background, var(--jp-layout-color0, white)));\n  --sklearn-color-border-box: var(--sg-text-color, var(--theme-code-foreground, var(--jp-content-font-color1, black)));\n  --sklearn-color-icon: #696969;\n\n  @media (prefers-color-scheme: dark) {\n    /* Redefinition of color scheme for dark theme */\n    --sklearn-color-text-on-default-background: var(--sg-text-color, var(--theme-code-foreground, var(--jp-content-font-color1, white)));\n    --sklearn-color-background: var(--sg-background-color, var(--theme-background, var(--jp-layout-color0, #111)));\n    --sklearn-color-border-box: var(--sg-text-color, var(--theme-code-foreground, var(--jp-content-font-color1, white)));\n    --sklearn-color-icon: #878787;\n  }\n}\n\n#sk-container-id-1 {\n  color: var(--sklearn-color-text);\n}\n\n#sk-container-id-1 pre {\n  padding: 0;\n}\n\n#sk-container-id-1 input.sk-hidden--visually {\n  border: 0;\n  clip: rect(1px 1px 1px 1px);\n  clip: rect(1px, 1px, 1px, 1px);\n  height: 1px;\n  margin: -1px;\n  overflow: hidden;\n  padding: 0;\n  position: absolute;\n  width: 1px;\n}\n\n#sk-container-id-1 div.sk-dashed-wrapped {\n  border: 1px dashed var(--sklearn-color-line);\n  margin: 0 0.4em 0.5em 0.4em;\n  box-sizing: border-box;\n  padding-bottom: 0.4em;\n  background-color: var(--sklearn-color-background);\n}\n\n#sk-container-id-1 div.sk-container {\n  /* jupyter's `normalize.less` sets `[hidden] { display: none; }`\n     but bootstrap.min.css set `[hidden] { display: none !important; }`\n     so we also need the `!important` here to be able to override the\n     default hidden behavior on the sphinx rendered scikit-learn.org.\n     See: https://github.com/scikit-learn/scikit-learn/issues/21755 */\n  display: inline-block !important;\n  position: relative;\n}\n\n#sk-container-id-1 div.sk-text-repr-fallback {\n  display: none;\n}\n\ndiv.sk-parallel-item,\ndiv.sk-serial,\ndiv.sk-item {\n  /* draw centered vertical line to link estimators */\n  background-image: linear-gradient(var(--sklearn-color-text-on-default-background), var(--sklearn-color-text-on-default-background));\n  background-size: 2px 100%;\n  background-repeat: no-repeat;\n  background-position: center center;\n}\n\n/* Parallel-specific style estimator block */\n\n#sk-container-id-1 div.sk-parallel-item::after {\n  content: \"\";\n  width: 100%;\n  border-bottom: 2px solid var(--sklearn-color-text-on-default-background);\n  flex-grow: 1;\n}\n\n#sk-container-id-1 div.sk-parallel {\n  display: flex;\n  align-items: stretch;\n  justify-content: center;\n  background-color: var(--sklearn-color-background);\n  position: relative;\n}\n\n#sk-container-id-1 div.sk-parallel-item {\n  display: flex;\n  flex-direction: column;\n}\n\n#sk-container-id-1 div.sk-parallel-item:first-child::after {\n  align-self: flex-end;\n  width: 50%;\n}\n\n#sk-container-id-1 div.sk-parallel-item:last-child::after {\n  align-self: flex-start;\n  width: 50%;\n}\n\n#sk-container-id-1 div.sk-parallel-item:only-child::after {\n  width: 0;\n}\n\n/* Serial-specific style estimator block */\n\n#sk-container-id-1 div.sk-serial {\n  display: flex;\n  flex-direction: column;\n  align-items: center;\n  background-color: var(--sklearn-color-background);\n  padding-right: 1em;\n  padding-left: 1em;\n}\n\n\n/* Toggleable style: style used for estimator/Pipeline/ColumnTransformer box that is\nclickable and can be expanded/collapsed.\n- Pipeline and ColumnTransformer use this feature and define the default style\n- Estimators will overwrite some part of the style using the `sk-estimator` class\n*/\n\n/* Pipeline and ColumnTransformer style (default) */\n\n#sk-container-id-1 div.sk-toggleable {\n  /* Default theme specific background. It is overwritten whether we have a\n  specific estimator or a Pipeline/ColumnTransformer */\n  background-color: var(--sklearn-color-background);\n}\n\n/* Toggleable label */\n#sk-container-id-1 label.sk-toggleable__label {\n  cursor: pointer;\n  display: block;\n  width: 100%;\n  margin-bottom: 0;\n  padding: 0.5em;\n  box-sizing: border-box;\n  text-align: center;\n}\n\n#sk-container-id-1 label.sk-toggleable__label-arrow:before {\n  /* Arrow on the left of the label */\n  content: \"▸\";\n  float: left;\n  margin-right: 0.25em;\n  color: var(--sklearn-color-icon);\n}\n\n#sk-container-id-1 label.sk-toggleable__label-arrow:hover:before {\n  color: var(--sklearn-color-text);\n}\n\n/* Toggleable content - dropdown */\n\n#sk-container-id-1 div.sk-toggleable__content {\n  max-height: 0;\n  max-width: 0;\n  overflow: hidden;\n  text-align: left;\n  /* unfitted */\n  background-color: var(--sklearn-color-unfitted-level-0);\n}\n\n#sk-container-id-1 div.sk-toggleable__content.fitted {\n  /* fitted */\n  background-color: var(--sklearn-color-fitted-level-0);\n}\n\n#sk-container-id-1 div.sk-toggleable__content pre {\n  margin: 0.2em;\n  border-radius: 0.25em;\n  color: var(--sklearn-color-text);\n  /* unfitted */\n  background-color: var(--sklearn-color-unfitted-level-0);\n}\n\n#sk-container-id-1 div.sk-toggleable__content.fitted pre {\n  /* unfitted */\n  background-color: var(--sklearn-color-fitted-level-0);\n}\n\n#sk-container-id-1 input.sk-toggleable__control:checked~div.sk-toggleable__content {\n  /* Expand drop-down */\n  max-height: 200px;\n  max-width: 100%;\n  overflow: auto;\n}\n\n#sk-container-id-1 input.sk-toggleable__control:checked~label.sk-toggleable__label-arrow:before {\n  content: \"▾\";\n}\n\n/* Pipeline/ColumnTransformer-specific style */\n\n#sk-container-id-1 div.sk-label input.sk-toggleable__control:checked~label.sk-toggleable__label {\n  color: var(--sklearn-color-text);\n  background-color: var(--sklearn-color-unfitted-level-2);\n}\n\n#sk-container-id-1 div.sk-label.fitted input.sk-toggleable__control:checked~label.sk-toggleable__label {\n  background-color: var(--sklearn-color-fitted-level-2);\n}\n\n/* Estimator-specific style */\n\n/* Colorize estimator box */\n#sk-container-id-1 div.sk-estimator input.sk-toggleable__control:checked~label.sk-toggleable__label {\n  /* unfitted */\n  background-color: var(--sklearn-color-unfitted-level-2);\n}\n\n#sk-container-id-1 div.sk-estimator.fitted input.sk-toggleable__control:checked~label.sk-toggleable__label {\n  /* fitted */\n  background-color: var(--sklearn-color-fitted-level-2);\n}\n\n#sk-container-id-1 div.sk-label label.sk-toggleable__label,\n#sk-container-id-1 div.sk-label label {\n  /* The background is the default theme color */\n  color: var(--sklearn-color-text-on-default-background);\n}\n\n/* On hover, darken the color of the background */\n#sk-container-id-1 div.sk-label:hover label.sk-toggleable__label {\n  color: var(--sklearn-color-text);\n  background-color: var(--sklearn-color-unfitted-level-2);\n}\n\n/* Label box, darken color on hover, fitted */\n#sk-container-id-1 div.sk-label.fitted:hover label.sk-toggleable__label.fitted {\n  color: var(--sklearn-color-text);\n  background-color: var(--sklearn-color-fitted-level-2);\n}\n\n/* Estimator label */\n\n#sk-container-id-1 div.sk-label label {\n  font-family: monospace;\n  font-weight: bold;\n  display: inline-block;\n  line-height: 1.2em;\n}\n\n#sk-container-id-1 div.sk-label-container {\n  text-align: center;\n}\n\n/* Estimator-specific */\n#sk-container-id-1 div.sk-estimator {\n  font-family: monospace;\n  border: 1px dotted var(--sklearn-color-border-box);\n  border-radius: 0.25em;\n  box-sizing: border-box;\n  margin-bottom: 0.5em;\n  /* unfitted */\n  background-color: var(--sklearn-color-unfitted-level-0);\n}\n\n#sk-container-id-1 div.sk-estimator.fitted {\n  /* fitted */\n  background-color: var(--sklearn-color-fitted-level-0);\n}\n\n/* on hover */\n#sk-container-id-1 div.sk-estimator:hover {\n  /* unfitted */\n  background-color: var(--sklearn-color-unfitted-level-2);\n}\n\n#sk-container-id-1 div.sk-estimator.fitted:hover {\n  /* fitted */\n  background-color: var(--sklearn-color-fitted-level-2);\n}\n\n/* Specification for estimator info (e.g. \"i\" and \"?\") */\n\n/* Common style for \"i\" and \"?\" */\n\n.sk-estimator-doc-link,\na:link.sk-estimator-doc-link,\na:visited.sk-estimator-doc-link {\n  float: right;\n  font-size: smaller;\n  line-height: 1em;\n  font-family: monospace;\n  background-color: var(--sklearn-color-background);\n  border-radius: 1em;\n  height: 1em;\n  width: 1em;\n  text-decoration: none !important;\n  margin-left: 1ex;\n  /* unfitted */\n  border: var(--sklearn-color-unfitted-level-1) 1pt solid;\n  color: var(--sklearn-color-unfitted-level-1);\n}\n\n.sk-estimator-doc-link.fitted,\na:link.sk-estimator-doc-link.fitted,\na:visited.sk-estimator-doc-link.fitted {\n  /* fitted */\n  border: var(--sklearn-color-fitted-level-1) 1pt solid;\n  color: var(--sklearn-color-fitted-level-1);\n}\n\n/* On hover */\ndiv.sk-estimator:hover .sk-estimator-doc-link:hover,\n.sk-estimator-doc-link:hover,\ndiv.sk-label-container:hover .sk-estimator-doc-link:hover,\n.sk-estimator-doc-link:hover {\n  /* unfitted */\n  background-color: var(--sklearn-color-unfitted-level-3);\n  color: var(--sklearn-color-background);\n  text-decoration: none;\n}\n\ndiv.sk-estimator.fitted:hover .sk-estimator-doc-link.fitted:hover,\n.sk-estimator-doc-link.fitted:hover,\ndiv.sk-label-container:hover .sk-estimator-doc-link.fitted:hover,\n.sk-estimator-doc-link.fitted:hover {\n  /* fitted */\n  background-color: var(--sklearn-color-fitted-level-3);\n  color: var(--sklearn-color-background);\n  text-decoration: none;\n}\n\n/* Span, style for the box shown on hovering the info icon */\n.sk-estimator-doc-link span {\n  display: none;\n  z-index: 9999;\n  position: relative;\n  font-weight: normal;\n  right: .2ex;\n  padding: .5ex;\n  margin: .5ex;\n  width: min-content;\n  min-width: 20ex;\n  max-width: 50ex;\n  color: var(--sklearn-color-text);\n  box-shadow: 2pt 2pt 4pt #999;\n  /* unfitted */\n  background: var(--sklearn-color-unfitted-level-0);\n  border: .5pt solid var(--sklearn-color-unfitted-level-3);\n}\n\n.sk-estimator-doc-link.fitted span {\n  /* fitted */\n  background: var(--sklearn-color-fitted-level-0);\n  border: var(--sklearn-color-fitted-level-3);\n}\n\n.sk-estimator-doc-link:hover span {\n  display: block;\n}\n\n/* \"?\"-specific style due to the `<a>` HTML tag */\n\n#sk-container-id-1 a.estimator_doc_link {\n  float: right;\n  font-size: 1rem;\n  line-height: 1em;\n  font-family: monospace;\n  background-color: var(--sklearn-color-background);\n  border-radius: 1rem;\n  height: 1rem;\n  width: 1rem;\n  text-decoration: none;\n  /* unfitted */\n  color: var(--sklearn-color-unfitted-level-1);\n  border: var(--sklearn-color-unfitted-level-1) 1pt solid;\n}\n\n#sk-container-id-1 a.estimator_doc_link.fitted {\n  /* fitted */\n  border: var(--sklearn-color-fitted-level-1) 1pt solid;\n  color: var(--sklearn-color-fitted-level-1);\n}\n\n/* On hover */\n#sk-container-id-1 a.estimator_doc_link:hover {\n  /* unfitted */\n  background-color: var(--sklearn-color-unfitted-level-3);\n  color: var(--sklearn-color-background);\n  text-decoration: none;\n}\n\n#sk-container-id-1 a.estimator_doc_link.fitted:hover {\n  /* fitted */\n  background-color: var(--sklearn-color-fitted-level-3);\n}\n</style><div id=\"sk-container-id-1\" class=\"sk-top-container\"><div class=\"sk-text-repr-fallback\"><pre>RandomForestClassifier(max_depth=5, n_estimators=10)</pre><b>In a Jupyter environment, please rerun this cell to show the HTML representation or trust the notebook. <br />On GitHub, the HTML representation is unable to render, please try loading this page with nbviewer.org.</b></div><div class=\"sk-container\" hidden><div class=\"sk-item\"><div class=\"sk-estimator fitted sk-toggleable\"><input class=\"sk-toggleable__control sk-hidden--visually\" id=\"sk-estimator-id-1\" type=\"checkbox\" checked><label for=\"sk-estimator-id-1\" class=\"sk-toggleable__label fitted sk-toggleable__label-arrow fitted\">&nbsp;&nbsp;RandomForestClassifier<a class=\"sk-estimator-doc-link fitted\" rel=\"noreferrer\" target=\"_blank\" href=\"https://scikit-learn.org/1.4/modules/generated/sklearn.ensemble.RandomForestClassifier.html\">?<span>Documentation for RandomForestClassifier</span></a><span class=\"sk-estimator-doc-link fitted\">i<span>Fitted</span></span></label><div class=\"sk-toggleable__content fitted\"><pre>RandomForestClassifier(max_depth=5, n_estimators=10)</pre></div> </div></div></div></div>"
     },
     "execution_count": 5,
     "metadata": {},
     "output_type": "execute_result"
    }
   ],
   "source": [
    "from sklearn.ensemble import RandomForestClassifier\n",
    "\n",
    "rf = RandomForestClassifier(n_estimators=10,max_depth=5)\n",
    "rf.fit(x_train,y_train)\n",
    "rf"
   ],
   "metadata": {
    "collapsed": false,
    "pycharm": {
     "name": "#%%\n"
    }
   }
  },
  {
   "cell_type": "code",
   "execution_count": 6,
   "outputs": [
    {
     "data": {
      "text/plain": "0.84"
     },
     "execution_count": 6,
     "metadata": {},
     "output_type": "execute_result"
    }
   ],
   "source": [
    "y_pred = rf.predict(x_test)\n",
    "f1 = f1_score(y_test,y_pred,average='micro')\n",
    "f1"
   ],
   "metadata": {
    "collapsed": false,
    "pycharm": {
     "name": "#%%\n"
    }
   }
  },
  {
   "cell_type": "code",
   "execution_count": 7,
   "outputs": [
    {
     "data": {
      "text/plain": "               age       sex        cp  trestbps      chol       fbs  \\\nage       1.000000 -0.092399  0.110471  0.290476  0.202644  0.132062   \nsex      -0.092399  1.000000  0.008908 -0.066340 -0.198089  0.038850   \ncp        0.110471  0.008908  1.000000 -0.036980  0.072088 -0.057663   \ntrestbps  0.290476 -0.066340 -0.036980  1.000000  0.131536  0.180860   \nchol      0.202644 -0.198089  0.072088  0.131536  1.000000  0.012708   \nfbs       0.132062  0.038850 -0.057663  0.180860  0.012708  1.000000   \nrestecg   0.149917  0.033897  0.063905  0.149242  0.165046  0.068831   \nthalach  -0.394563 -0.060496 -0.339308 -0.049108 -0.000075 -0.007842   \nexang     0.096489  0.143581  0.377525  0.066691  0.059339 -0.000893   \noldpeak   0.197123  0.106567  0.203244  0.191243  0.038596  0.008311   \nslope     0.159405  0.033345  0.151079  0.121172 -0.009215  0.047819   \nca        0.362210  0.091925  0.235644  0.097954  0.115945  0.152086   \nthal      0.120795  0.370556  0.266275  0.130612  0.023441  0.051038   \n\n           restecg   thalach     exang   oldpeak     slope        ca      thal  \nage       0.149917 -0.394563  0.096489  0.197123  0.159405  0.362210  0.120795  \nsex       0.033897 -0.060496  0.143581  0.106567  0.033345  0.091925  0.370556  \ncp        0.063905 -0.339308  0.377525  0.203244  0.151079  0.235644  0.266275  \ntrestbps  0.149242 -0.049108  0.066691  0.191243  0.121172  0.097954  0.130612  \nchol      0.165046 -0.000075  0.059339  0.038596 -0.009215  0.115945  0.023441  \nfbs       0.068831 -0.007842 -0.000893  0.008311  0.047819  0.152086  0.051038  \nrestecg   1.000000 -0.072290  0.081874  0.113726  0.135141  0.129021  0.013612  \nthalach  -0.072290  1.000000 -0.384368 -0.347640 -0.389307 -0.268727 -0.258386  \nexang     0.081874 -0.384368  1.000000  0.289310  0.250572  0.148232  0.323268  \noldpeak   0.113726 -0.347640  0.289310  1.000000  0.579037  0.294452  0.336809  \nslope     0.135141 -0.389307  0.250572  0.579037  1.000000  0.109761  0.260096  \nca        0.129021 -0.268727  0.148232  0.294452  0.109761  1.000000  0.248825  \nthal      0.013612 -0.258386  0.323268  0.336809  0.260096  0.248825  1.000000  ",
      "text/html": "<div>\n<style scoped>\n    .dataframe tbody tr th:only-of-type {\n        vertical-align: middle;\n    }\n\n    .dataframe tbody tr th {\n        vertical-align: top;\n    }\n\n    .dataframe thead th {\n        text-align: right;\n    }\n</style>\n<table border=\"1\" class=\"dataframe\">\n  <thead>\n    <tr style=\"text-align: right;\">\n      <th></th>\n      <th>age</th>\n      <th>sex</th>\n      <th>cp</th>\n      <th>trestbps</th>\n      <th>chol</th>\n      <th>fbs</th>\n      <th>restecg</th>\n      <th>thalach</th>\n      <th>exang</th>\n      <th>oldpeak</th>\n      <th>slope</th>\n      <th>ca</th>\n      <th>thal</th>\n    </tr>\n  </thead>\n  <tbody>\n    <tr>\n      <th>age</th>\n      <td>1.000000</td>\n      <td>-0.092399</td>\n      <td>0.110471</td>\n      <td>0.290476</td>\n      <td>0.202644</td>\n      <td>0.132062</td>\n      <td>0.149917</td>\n      <td>-0.394563</td>\n      <td>0.096489</td>\n      <td>0.197123</td>\n      <td>0.159405</td>\n      <td>0.362210</td>\n      <td>0.120795</td>\n    </tr>\n    <tr>\n      <th>sex</th>\n      <td>-0.092399</td>\n      <td>1.000000</td>\n      <td>0.008908</td>\n      <td>-0.066340</td>\n      <td>-0.198089</td>\n      <td>0.038850</td>\n      <td>0.033897</td>\n      <td>-0.060496</td>\n      <td>0.143581</td>\n      <td>0.106567</td>\n      <td>0.033345</td>\n      <td>0.091925</td>\n      <td>0.370556</td>\n    </tr>\n    <tr>\n      <th>cp</th>\n      <td>0.110471</td>\n      <td>0.008908</td>\n      <td>1.000000</td>\n      <td>-0.036980</td>\n      <td>0.072088</td>\n      <td>-0.057663</td>\n      <td>0.063905</td>\n      <td>-0.339308</td>\n      <td>0.377525</td>\n      <td>0.203244</td>\n      <td>0.151079</td>\n      <td>0.235644</td>\n      <td>0.266275</td>\n    </tr>\n    <tr>\n      <th>trestbps</th>\n      <td>0.290476</td>\n      <td>-0.066340</td>\n      <td>-0.036980</td>\n      <td>1.000000</td>\n      <td>0.131536</td>\n      <td>0.180860</td>\n      <td>0.149242</td>\n      <td>-0.049108</td>\n      <td>0.066691</td>\n      <td>0.191243</td>\n      <td>0.121172</td>\n      <td>0.097954</td>\n      <td>0.130612</td>\n    </tr>\n    <tr>\n      <th>chol</th>\n      <td>0.202644</td>\n      <td>-0.198089</td>\n      <td>0.072088</td>\n      <td>0.131536</td>\n      <td>1.000000</td>\n      <td>0.012708</td>\n      <td>0.165046</td>\n      <td>-0.000075</td>\n      <td>0.059339</td>\n      <td>0.038596</td>\n      <td>-0.009215</td>\n      <td>0.115945</td>\n      <td>0.023441</td>\n    </tr>\n    <tr>\n      <th>fbs</th>\n      <td>0.132062</td>\n      <td>0.038850</td>\n      <td>-0.057663</td>\n      <td>0.180860</td>\n      <td>0.012708</td>\n      <td>1.000000</td>\n      <td>0.068831</td>\n      <td>-0.007842</td>\n      <td>-0.000893</td>\n      <td>0.008311</td>\n      <td>0.047819</td>\n      <td>0.152086</td>\n      <td>0.051038</td>\n    </tr>\n    <tr>\n      <th>restecg</th>\n      <td>0.149917</td>\n      <td>0.033897</td>\n      <td>0.063905</td>\n      <td>0.149242</td>\n      <td>0.165046</td>\n      <td>0.068831</td>\n      <td>1.000000</td>\n      <td>-0.072290</td>\n      <td>0.081874</td>\n      <td>0.113726</td>\n      <td>0.135141</td>\n      <td>0.129021</td>\n      <td>0.013612</td>\n    </tr>\n    <tr>\n      <th>thalach</th>\n      <td>-0.394563</td>\n      <td>-0.060496</td>\n      <td>-0.339308</td>\n      <td>-0.049108</td>\n      <td>-0.000075</td>\n      <td>-0.007842</td>\n      <td>-0.072290</td>\n      <td>1.000000</td>\n      <td>-0.384368</td>\n      <td>-0.347640</td>\n      <td>-0.389307</td>\n      <td>-0.268727</td>\n      <td>-0.258386</td>\n    </tr>\n    <tr>\n      <th>exang</th>\n      <td>0.096489</td>\n      <td>0.143581</td>\n      <td>0.377525</td>\n      <td>0.066691</td>\n      <td>0.059339</td>\n      <td>-0.000893</td>\n      <td>0.081874</td>\n      <td>-0.384368</td>\n      <td>1.000000</td>\n      <td>0.289310</td>\n      <td>0.250572</td>\n      <td>0.148232</td>\n      <td>0.323268</td>\n    </tr>\n    <tr>\n      <th>oldpeak</th>\n      <td>0.197123</td>\n      <td>0.106567</td>\n      <td>0.203244</td>\n      <td>0.191243</td>\n      <td>0.038596</td>\n      <td>0.008311</td>\n      <td>0.113726</td>\n      <td>-0.347640</td>\n      <td>0.289310</td>\n      <td>1.000000</td>\n      <td>0.579037</td>\n      <td>0.294452</td>\n      <td>0.336809</td>\n    </tr>\n    <tr>\n      <th>slope</th>\n      <td>0.159405</td>\n      <td>0.033345</td>\n      <td>0.151079</td>\n      <td>0.121172</td>\n      <td>-0.009215</td>\n      <td>0.047819</td>\n      <td>0.135141</td>\n      <td>-0.389307</td>\n      <td>0.250572</td>\n      <td>0.579037</td>\n      <td>1.000000</td>\n      <td>0.109761</td>\n      <td>0.260096</td>\n    </tr>\n    <tr>\n      <th>ca</th>\n      <td>0.362210</td>\n      <td>0.091925</td>\n      <td>0.235644</td>\n      <td>0.097954</td>\n      <td>0.115945</td>\n      <td>0.152086</td>\n      <td>0.129021</td>\n      <td>-0.268727</td>\n      <td>0.148232</td>\n      <td>0.294452</td>\n      <td>0.109761</td>\n      <td>1.000000</td>\n      <td>0.248825</td>\n    </tr>\n    <tr>\n      <th>thal</th>\n      <td>0.120795</td>\n      <td>0.370556</td>\n      <td>0.266275</td>\n      <td>0.130612</td>\n      <td>0.023441</td>\n      <td>0.051038</td>\n      <td>0.013612</td>\n      <td>-0.258386</td>\n      <td>0.323268</td>\n      <td>0.336809</td>\n      <td>0.260096</td>\n      <td>0.248825</td>\n      <td>1.000000</td>\n    </tr>\n  </tbody>\n</table>\n</div>"
     },
     "execution_count": 7,
     "metadata": {},
     "output_type": "execute_result"
    }
   ],
   "source": [
    "x.corr()"
   ],
   "metadata": {
    "collapsed": false,
    "pycharm": {
     "name": "#%%\n"
    }
   }
  },
  {
   "cell_type": "code",
   "execution_count": 8,
   "outputs": [
    {
     "data": {
      "text/plain": "<Figure size 640x480 with 1 Axes>",
